18.55
18.55
18.55
19.15
19.15
19.15
19.15
19.45
19.45
19.45
19.45
19.45
19.45
19.45
19.45
19.45
19.45
19.75
19.75
19.75
19.75
19.75
19.75
19.75
19.75
19.75
19.75
19.75
19.75
19.75
19.75
19.75
19.75
19.75
20.05
20.05
20.05
20.05
20.05
20.05
20.05
20.05
20.05
20.05
20.05
20.05
20.05
20.05
20.05
20.05
20.05
20.35
20.35
20.35
20.35
20.35
20.35
20.35
20.35
20.35
20.35
20.35
20.35
20.35
20.35
20.35
20.35
20.35
20.35
20.35
20.65
20.65
20.65
20.65
20.65
20.65
20.65
20.65
20.65
20.65
20.65
20.65
20.65
20.65
20.95
20.95
20.95
20.95
20.95
20.95
20.95
20.95
20.95
20.95
20.95
21.25
21.25
21.25
21.25
21.25